22За 9ї­   //  reject = 0,  goto = 1~99,  shift = 100~999, reduce = 1000~9999,  accept = 10000
105 0 0 104 0 0 1 2 3
0 106 0 0 0 10000 0 0 0
0 1002 107 0 0 1002 0 0 0
0 1004 1004 0 0 1004 0 0 0
112 0 0 111 0 0 8 9 10
0 1006 1006 0 0 1006 0 0 0
105 0 0 104 0 0 0 13 3
0 0 0 104 0 105 0 0 14
0 116 0 0 115 0 0 0 0
0 1002 117 0 1002 0 0 0 0
0 1004 1004 0 1004 0 0 0 0
112 0 0 111 0 0 18 19 10
0 1006 1006 0 1006 0 0 0 0
0 1001 107 0 0 1001 0 0 0
0 1003 1003 0 0 1003 0 0 0
0 1005 1005 0 0 1005 0 0 0
112 0 0 111 0 0 0 20 10
0 0 0 111 0 112 0 0 21
0 116 0 0 115 0 0 0 0
0 1002 117 0 1002 0 0 0 0
0 1001 117 0 1001 0 0 0 0
0 1003 1003 0 1003 0 0 0 0